00000000
00000000
00000000
00000000
10001100
00000001
00000000
00000001
10001100 
00000010
00000000
00000010
00000000 
00100010
00011000
00100000
00000000 
00100010
00100000
00100010
10001100 
01100001
00000000
00000010
00000000 
00100010
00100000
00100010
00000000 
00100010
00100000
00100101
00000000 
00100010
00100000
00100110
00000000 
01000001
00100000
00101010
00000000 
00100010
00100000
00100100
00001000
00000000
00000000
00000001
00000000
00000000
00000000
00000000
